t0 =  769269009.1852001
t0 =  2024 MAY 18 01:49:00
tf =  769845939.185063
tf =  2024 MAY 24 18:04:30
x0(1)    =  -15972.10895963927
x0(2)    =  34045.7626065953
x0(3)    =  -61116.24571325128
x0(4)    =  0.0050029740287388935
x0(5)    =  0.06414629404576178
x0(6)    =  0.03442257729956982
