Page 1
 111  112  113  114  115  116  117  
 121  122  123  124  125  126  127  
 131  132  133  134  135  136  137  
 141  142  143  144  145  146  147  
 151  152  153  154  155  156  157  
 161  162  163  164  165  166  167  
 171  172  173  174  175  176  177  
Page 2
 211  212  213  214  215  216  217  
 221  222  223  224  225  226  227  
 231  232  233  234  235  236  237  
 241  242  243  244  245  246  247  
 251  252  253  254  255  256  257  
 261  262  263  264  265  266  267  
 271  272  273  274  275  276  277  
Page 3
 311  312  313  314  315  316  317  
 321  322  323  324  325  326  327  
 331  332  333  334  335  336  337  
 341  342  343  344  345  346  347  
 351  352  353  354  355  356  357  
 361  362  363  364  365  366  367  
 371  372  373  374  375  376  377  
Page 4
 411  412  413  414  415  416  417  
 421  422  423  424  425  426  427  
 431  432  433  434  435  436  437  
 441  442  443  444  445  446  447  
 451  452  453  454  455  456  457  
 461  462  463  464  465  466  467  
 471  472  473  474  475  476  477  
Page 5
 511  512  513  514  515  516  517  
 521  522  523  524  525  526  527  
 531  532  533  534  535  536  537  
 541  542  543  544  545  546  547  
 551  552  553  554  555  556  557  
 561  562  563  564  565  566  567  
 571  572  573  574  575  576  577  
Page 6
 611  612  613  614  615  616  617  
 621  622  623  624  625  626  627  
 631  632  633  634  635  636  637  
 641  642  643  644  645  646  647  
 651  652  653  654  655  656  657  
 661  662  663  664  665  666  667  
 671  672  673  674  675  676  677  
Page 7
 711  712  713  714  715  716  717  
 721  722  723  724  725  726  727  
 731  732  733  734  735  736  737  
 741  742  743  744  745  746  747  
 751  752  753  754  755  756  757  
 761  762  763  764  765  766  767  
 771  772  773  774  775  776  777  
 
 linearized
 111  211  311  411  511  611  711  121  221  321  421  521  621  721  131  231  331  431  531  631  731  141  241  341  441  541  641  741  151  251  351  451  551  651  751  161  261  361  461  561  661  761  171  271  371  471  571  671  771  112  212  312  412  512  612  712  122  222  322  422  522  622  722  132  232  332  432  532  632  732  142  242  342  442  542  642  742  152  252  352  452  552  652  752  162  262  362  462  562  662  762  172  272  372  472  572  672  772  113  213  313  413  513  613  713  123  223  323  423  523  623  723  133  233  333  433  533  633  733  143  243  343  443  543  643  743  153  253  353  453  553  653  753  163  263  363  463  563  663  763  173  273  373  473  573  673  773  114  214  314  414  514  614  714  124  224  324  424  524  624  724  134  234  334  434  534  634  734  144  244  344  444  544  644  744  154  254  354  454  554  654  754  164  264  364  464  564  664  764  174  274  374  474  574  674  774  115  215  315  415  515  615  715  125  225  325  425  525  625  725  135  235  335  435  535  635  735  145  245  345  445  545  645  745  155  255  355  455  555  655  755  165  265  365  465  565  665  765  175  275  375  475  575  675  775  116  216  316  416  516  616  716  126  226  326  426  526  626  726  136  236  336  436  536  636  736  146  246  346  446  546  646  746  156  256  356  456  556  656  756  166  266  366  466  566  666  766  176  276  376  476  576  676  776  117  217  317  417  517  617  717  127  227  327  427  527  627  727  137  237  337  437  537  637  737  147  247  347  447  547  647  747  157  257  357  457  557  657  757  167  267  367  467  567  667  767  177  277  377  477  577  677  777  
 removeud
 111  211  311  411  511  611  711  121  221  321  421  521  621  721  131  231  331  431  531  631  731  141  241  341  441  541  641  741  151  251  351  451  551  651  751  161  261  361  461  561  661  761  171  271  371  471  571  671  771  122  222  322  422  522  622  722  132  232  332  432  532  632  732  142  242  342  442  542  642  742  152  252  352  452  552  652  752  162  262  362  462  562  662  762  172  272  372  472  572  672  772  133  233  333  433  533  633  733  143  243  343  443  543  643  743  153  253  353  453  553  653  753  163  263  363  463  563  663  763  173  273  373  473  573  673  773  144  244  344  444  544  644  744  154  254  354  454  554  654  754  164  264  364  464  564  664  764  174  274  374  474  574  674  774  155  255  355  455  555  655  755  165  265  365  465  565  665  765  175  275  375  475  575  675  775  166  266  366  466  566  666  766  176  276  376  476  576  676  776  177  277  377  477  577  677  777  
 constructud
 111  211  311  411  511  611  711  121  221  321  421  521  621  721  131  231  331  431  531  631  731  141  241  341  441  541  641  741  151  251  351  451  551  651  751  161  261  361  461  561  661  761  171  271  371  471  571  671  771  121  221  321  421  521  621  721  122  222  322  422  522  622  722  132  232  332  432  532  632  732  142  242  342  442  542  642  742  152  252  352  452  552  652  752  162  262  362  462  562  662  762  172  272  372  472  572  672  772  131  231  331  431  531  631  731  132  232  332  432  532  632  732  133  233  333  433  533  633  733  143  243  343  443  543  643  743  153  253  353  453  553  653  753  163  263  363  463  563  663  763  173  273  373  473  573  673  773  141  241  341  441  541  641  741  142  242  342  442  542  642  742  143  243  343  443  543  643  743  144  244  344  444  544  644  744  154  254  354  454  554  654  754  164  264  364  464  564  664  764  174  274  374  474  574  674  774  151  251  351  451  551  651  751  152  252  352  452  552  652  752  153  253  353  453  553  653  753  154  254  354  454  554  654  754  155  255  355  455  555  655  755  165  265  365  465  565  665  765  175  275  375  475  575  675  775  161  261  361  461  561  661  761  162  262  362  462  562  662  762  163  263  363  463  563  663  763  164  264  364  464  564  664  764  165  265  365  465  565  665  765  166  266  366  466  566  666  766  176  276  376  476  576  676  776  171  271  371  471  571  671  771  172  272  372  472  572  672  772  173  273  373  473  573  673  773  174  274  374  474  574  674  774  175  275  375  475  575  675  775  176  276  376  476  576  676  776  177  277  377  477  577  677  777  
 reconstructed
Page 1
 111  121  131  141  151  161  171  
 121  122  132  142  152  162  172  
 131  132  133  143  153  163  173  
 141  142  143  144  154  164  174  
 151  152  153  154  155  165  175  
 161  162  163  164  165  166  176  
 171  172  173  174  175  176  177  
Page 2
 211  221  231  241  251  261  271  
 221  222  232  242  252  262  272  
 231  232  233  243  253  263  273  
 241  242  243  244  254  264  274  
 251  252  253  254  255  265  275  
 261  262  263  264  265  266  276  
 271  272  273  274  275  276  277  
Page 3
 311  321  331  341  351  361  371  
 321  322  332  342  352  362  372  
 331  332  333  343  353  363  373  
 341  342  343  344  354  364  374  
 351  352  353  354  355  365  375  
 361  362  363  364  365  366  376  
 371  372  373  374  375  376  377  
Page 4
 411  421  431  441  451  461  471  
 421  422  432  442  452  462  472  
 431  432  433  443  453  463  473  
 441  442  443  444  454  464  474  
 451  452  453  454  455  465  475  
 461  462  463  464  465  466  476  
 471  472  473  474  475  476  477  
Page 5
 511  521  531  541  551  561  571  
 521  522  532  542  552  562  572  
 531  532  533  543  553  563  573  
 541  542  543  544  554  564  574  
 551  552  553  554  555  565  575  
 561  562  563  564  565  566  576  
 571  572  573  574  575  576  577  
Page 6
 611  621  631  641  651  661  671  
 621  622  632  642  652  662  672  
 631  632  633  643  653  663  673  
 641  642  643  644  654  664  674  
 651  652  653  654  655  665  675  
 661  662  663  664  665  666  676  
 671  672  673  674  675  676  677  
Page 7
 711  721  731  741  751  761  771  
 721  722  732  742  752  762  772  
 731  732  733  743  753  763  773  
 741  742  743  744  754  764  774  
 751  752  753  754  755  765  775  
 761  762  763  764  765  766  776  
 771  772  773  774  775  776  777  
 removerb
 111  211  311  411  511  611  711  121  221  321  421  521  621  721  131  231  331  431  531  631  731  141  241  341  441  541  641  741  151  251  351  451  551  651  751  161  261  361  461  561  661  761  112  212  312  412  512  612  712  122  222  322  422  522  622  722  132  232  332  432  532  632  732  142  242  342  442  542  642  742  152  252  352  452  552  652  752  162  262  362  462  562  662  762  113  213  313  413  513  613  713  123  223  323  423  523  623  723  133  233  333  433  533  633  733  143  243  343  443  543  643  743  153  253  353  453  553  653  753  163  263  363  463  563  663  763  114  214  314  414  514  614  714  124  224  324  424  524  624  724  134  234  334  434  534  634  734  144  244  344  444  544  644  744  154  254  354  454  554  654  754  164  264  364  464  564  664  764  115  215  315  415  515  615  715  125  225  325  425  525  625  725  135  235  335  435  535  635  735  145  245  345  445  545  645  745  155  255  355  455  555  655  755  165  265  365  465  565  665  765  116  216  316  416  516  616  716  126  226  326  426  526  626  726  136  236  336  436  536  636  736  146  246  346  446  546  646  746  156  256  356  456  556  656  756  166  266  366  466  566  666  766  
 constructrb
 111  211  311  411  511  611  711  121  221  321  421  521  621  721  131  231  331  431  531  631  731  141  241  341  441  541  641  741  151  251  351  451  551  651  751  161  261  361  461  561  661  761  000  000  000  000  000  000  000  112  212  312  412  512  612  712  122  222  322  422  522  622  722  132  232  332  432  532  632  732  142  242  342  442  542  642  742  152  252  352  452  552  652  752  162  262  362  462  562  662  762  000  000  000  000  000  000  000  113  213  313  413  513  613  713  123  223  323  423  523  623  723  133  233  333  433  533  633  733  143  243  343  443  543  643  743  153  253  353  453  553  653  753  163  263  363  463  563  663  763  000  000  000  000  000  000  000  114  214  314  414  514  614  714  124  224  324  424  524  624  724  134  234  334  434  534  634  734  144  244  344  444  544  644  744  154  254  354  454  554  654  754  164  264  364  464  564  664  764  000  000  000  000  000  000  000  115  215  315  415  515  615  715  125  225  325  425  525  625  725  135  235  335  435  535  635  735  145  245  345  445  545  645  745  155  255  355  455  555  655  755  165  265  365  465  565  665  765  000  000  000  000  000  000  000  116  216  316  416  516  616  716  126  226  326  426  526  626  726  136  236  336  436  536  636  736  146  246  346  446  546  646  746  156  256  356  456  556  656  756  166  266  366  466  566  666  766  000  000  000  000  000  000  000  000  000  000  000  000  000  000  000  000  000  000  000  000  000  000  000  000  000  000  000  000  000  000  000  000  000  000  000  000  000  000  000  000  000  000  000  000  000  000  000  000  000  000  000  000  000  000  000  000  
 reconstructed
Page 1
 111  112  113  114  115  116  000  
 121  122  123  124  125  126  000  
 131  132  133  134  135  136  000  
 141  142  143  144  145  146  000  
 151  152  153  154  155  156  000  
 161  162  163  164  165  166  000  
 000  000  000  000  000  000  000  
Page 2
 211  212  213  214  215  216  000  
 221  222  223  224  225  226  000  
 231  232  233  234  235  236  000  
 241  242  243  244  245  246  000  
 251  252  253  254  255  256  000  
 261  262  263  264  265  266  000  
 000  000  000  000  000  000  000  
Page 3
 311  312  313  314  315  316  000  
 321  322  323  324  325  326  000  
 331  332  333  334  335  336  000  
 341  342  343  344  345  346  000  
 351  352  353  354  355  356  000  
 361  362  363  364  365  366  000  
 000  000  000  000  000  000  000  
Page 4
 411  412  413  414  415  416  000  
 421  422  423  424  425  426  000  
 431  432  433  434  435  436  000  
 441  442  443  444  445  446  000  
 451  452  453  454  455  456  000  
 461  462  463  464  465  466  000  
 000  000  000  000  000  000  000  
Page 5
 511  512  513  514  515  516  000  
 521  522  523  524  525  526  000  
 531  532  533  534  535  536  000  
 541  542  543  544  545  546  000  
 551  552  553  554  555  556  000  
 561  562  563  564  565  566  000  
 000  000  000  000  000  000  000  
Page 6
 611  612  613  614  615  616  000  
 621  622  623  624  625  626  000  
 631  632  633  634  635  636  000  
 641  642  643  644  645  646  000  
 651  652  653  654  655  656  000  
 661  662  663  664  665  666  000  
 000  000  000  000  000  000  000  
Page 7
 711  712  713  714  715  716  000  
 721  722  723  724  725  726  000  
 731  732  733  734  735  736  000  
 741  742  743  744  745  746  000  
 751  752  753  754  755  756  000  
 761  762  763  764  765  766  000  
 000  000  000  000  000  000  000  
 packed
 111  211  311  411  511  611  711  121  221  321  421  521  621  721  131  231  331  431  531  631  731  141  241  341  441  541  641  741  151  251  351  451  551  651  751  161  261  361  461  561  661  761  122  222  322  422  522  622  722  132  232  332  432  532  632  732  142  242  342  442  542  642  742  152  252  352  452  552  652  752  162  262  362  462  562  662  762  133  233  333  433  533  633  733  143  243  343  443  543  643  743  153  253  353  453  553  653  753  163  263  363  463  563  663  763  144  244  344  444  544  644  744  154  254  354  454  554  654  754  164  264  364  464  564  664  764  155  255  355  455  555  655  755  165  265  365  465  565  665  765  166  266  366  466  566  666  766  
 unpacked
 111  211  311  411  511  611  711  121  221  321  421  521  621  721  131  231  331  431  531  631  731  141  241  341  441  541  641  741  151  251  351  451  551  651  751  161  261  361  461  561  661  761  000  000  000  000  000  000  000  121  221  321  421  521  621  721  122  222  322  422  522  622  722  132  232  332  432  532  632  732  142  242  342  442  542  642  742  152  252  352  452  552  652  752  162  262  362  462  562  662  762  000  000  000  000  000  000  000  131  231  331  431  531  631  731  132  232  332  432  532  632  732  133  233  333  433  533  633  733  143  243  343  443  543  643  743  153  253  353  453  553  653  753  163  263  363  463  563  663  763  000  000  000  000  000  000  000  141  241  341  441  541  641  741  142  242  342  442  542  642  742  143  243  343  443  543  643  743  144  244  344  444  544  644  744  154  254  354  454  554  654  754  164  264  364  464  564  664  764  000  000  000  000  000  000  000  151  251  351  451  551  651  751  152  252  352  452  552  652  752  153  253  353  453  553  653  753  154  254  354  454  554  654  754  155  255  355  455  555  655  755  165  265  365  465  565  665  765  000  000  000  000  000  000  000  161  261  361  461  561  661  761  162  262  362  462  562  662  762  163  263  363  463  563  663  763  164  264  364  464  564  664  764  165  265  365  465  565  665  765  166  266  366  466  566  666  766  000  000  000  000  000  000  000  000  000  000  000  000  000  000  000  000  000  000  000  000  000  000  000  000  000  000  000  000  000  000  000  000  000  000  000  000  000  000  000  000  000  000  000  000  000  000  000  000  000  000  000  000  000  000  000  000  
 reconstructed
Page 1
 111  121  131  141  151  161  000  
 121  122  132  142  152  162  000  
 131  132  133  143  153  163  000  
 141  142  143  144  154  164  000  
 151  152  153  154  155  165  000  
 161  162  163  164  165  166  000  
 000  000  000  000  000  000  000  
Page 2
 211  221  231  241  251  261  000  
 221  222  232  242  252  262  000  
 231  232  233  243  253  263  000  
 241  242  243  244  254  264  000  
 251  252  253  254  255  265  000  
 261  262  263  264  265  266  000  
 000  000  000  000  000  000  000  
Page 3
 311  321  331  341  351  361  000  
 321  322  332  342  352  362  000  
 331  332  333  343  353  363  000  
 341  342  343  344  354  364  000  
 351  352  353  354  355  365  000  
 361  362  363  364  365  366  000  
 000  000  000  000  000  000  000  
Page 4
 411  421  431  441  451  461  000  
 421  422  432  442  452  462  000  
 431  432  433  443  453  463  000  
 441  442  443  444  454  464  000  
 451  452  453  454  455  465  000  
 461  462  463  464  465  466  000  
 000  000  000  000  000  000  000  
Page 5
 511  521  531  541  551  561  000  
 521  522  532  542  552  562  000  
 531  532  533  543  553  563  000  
 541  542  543  544  554  564  000  
 551  552  553  554  555  565  000  
 561  562  563  564  565  566  000  
 000  000  000  000  000  000  000  
Page 6
 611  621  631  641  651  661  000  
 621  622  632  642  652  662  000  
 631  632  633  643  653  663  000  
 641  642  643  644  654  664  000  
 651  652  653  654  655  665  000  
 661  662  663  664  665  666  000  
 000  000  000  000  000  000  000  
Page 7
 711  721  731  741  751  761  000  
 721  722  732  742  752  762  000  
 731  732  733  743  753  763  000  
 741  742  743  744  754  764  000  
 751  752  753  754  755  765  000  
 761  762  763  764  765  766  000  
 000  000  000  000  000  000  000  
