 gw_qist_config.nml
 STM
  0.916907012       2.32208166E-02   8.45905580E-03   84148.7031       616.796936       336.504578       1.44044298E-03  -1.08695673E-02
   2.33252272E-02  0.948009849      -3.03933956E-02   618.181396       85135.5781      -761.646240      -2.73484900E-03   8.93198978E-03
   8.12195987E-03  -3.03765442E-02   1.13998890       332.394928      -761.594421       89990.8125      -1.36728026E-03  -8.44814721E-03
  -1.79312735E-06   4.78201287E-07   2.65253675E-07  0.925862491       1.92312170E-02   1.40128825E-02   4.04413925E-08  -2.32927402E-08
   4.83789336E-07  -1.02395120E-06  -6.30868158E-07   1.93207245E-02  0.962480545      -2.34667044E-02  -5.94924074E-08  -9.02507580E-08
   2.48180754E-07  -6.30626403E-07   3.02308285E-06   1.37640974E-02  -2.34719031E-02   1.11561406      -2.92658857E-08   1.91130212E-07
   0.00000000       0.00000000       0.00000000       0.00000000       0.00000000       0.00000000       1.00000000       0.00000000    
   0.00000000       0.00000000       0.00000000       0.00000000       0.00000000       0.00000000       0.00000000       1.00000000    
 STT
 PAGE            1
   5.04839300E-05   4.63921024E-05  -1.44979407E-04  -17.6807175       8.66998768      -11.2431450      -1.26938130E-06  -4.62986372E-06
   4.63921024E-05   4.47449202E-05  -5.96115387E-05  -17.8659134       1.94145119      -7.47717953      -1.25279837E-06  -1.38744815E-06
  -1.44979407E-04  -5.96115387E-05   2.46908981E-04   61.4510574      -28.5661755       7.11960983       4.61145419E-06   1.36563776E-05
  -17.6807175      -17.8659134       61.4510574       7823951.00      -4277875.50       4491525.00      0.636210263       2.23075700    
   8.66998768       1.94145119      -28.5661755      -4277875.50       5039359.00       71397.1406      -1.06372213     -0.831520498    
  -11.2431450      -7.47717953       7.11960983       4491525.00       71397.1406       1417308.62      0.285902232      0.115114115    
  -1.26938130E-06  -1.25279837E-06   4.61145419E-06  0.636210263      -1.06372213      0.285902232      -2.27923550E-07   2.01754929E-07
  -4.62986372E-06  -1.38744815E-06   1.36563776E-05   2.23075700     -0.831520498      0.115114115       2.01754929E-07   1.18325784E-06
 PAGE            2
  -1.39394351E-05   1.50168853E-05   3.63936088E-05   3.47962570      -10.9074793      -3.71130943       7.57993632E-07   2.06391655E-06
   1.50168853E-05   2.97362803E-05  -2.23293282E-05 -0.743743420      -8.97236919      -7.99770260       1.84521002E-06  -6.10603195E-07
   3.63936088E-05  -2.23293282E-05  -4.33185167E-04  -20.9075394       68.6276932      -3.74617338       3.75943091E-06  -2.06320128E-05
   3.47962570     -0.743743420      -20.9075394      -2446758.75       4070869.25       414514.344     -0.879485726     -0.576078236    
  -10.9074793      -8.97236919       68.6276932       4070869.25      -7589862.50       3114980.25     -0.728837311       3.65930581    
  -3.71130943      -7.99770260      -3.74617338       414514.344       3114980.25       877430.125     -0.212307051      0.144679800    
   7.57993632E-07   1.84521002E-06   3.75943091E-06 -0.879485726     -0.728837311     -0.212307051      -4.60137386E-07   5.15102954E-07
   2.06391655E-06  -6.10603195E-07  -2.06320128E-05 -0.576078236       3.65930581      0.144679800       5.15102954E-07  -1.46215416E-06
 PAGE            3
   4.67017844E-06   1.03893262E-05   3.22246087E-05  0.471892208      -6.71791601      -2.96805787      -8.63661569E-08   3.23537552E-06
   1.03893262E-05   2.50492303E-05  -3.90005653E-06  -2.52248311      -4.98207045      -3.29574013       6.67805580E-07   2.09088782E-07
   3.22246087E-05  -3.90005653E-06  -2.55852734E-04  -11.8751030       34.3046112      -2.20896959       2.85279384E-06  -1.39308804E-05
  0.471892208      -2.52248311      -11.8751030      -268604.188       2145051.50       786603.938      -4.97866906E-02 -0.908904970    
  -6.71791601      -4.98207045       34.3046112       2145051.50      -2993170.75       1030484.62     -0.535967052       2.06108642    
  -2.96805787      -3.29574013      -2.20896959       786603.938       1030484.62       1142538.88       9.90531780E-03  -7.63105154E-02
  -8.63661569E-08   6.67805580E-07   2.85279384E-06  -4.97866906E-02 -0.535967052       9.90531780E-03  -2.28693438E-07   2.09060715E-07
   3.23537552E-06   2.09088782E-07  -1.39308804E-05 -0.908904970       2.06108642      -7.63105154E-02   2.09060715E-07  -8.60990156E-07
 PAGE            4
   5.81756934E-11   6.05999209E-11  -1.68441303E-10  -8.49062599E-06   4.77624735E-06  -2.17477609E-05  -5.43189235E-12  -6.04011893E-12
   6.05999209E-11   6.57570109E-11   6.04740390E-12  -7.04086733E-06  -1.44261221E-05  -7.58465785E-06  -4.73562595E-13   2.23156563E-12
  -1.68441303E-10   6.04740390E-12  -3.14364729E-10  -5.71678584E-06   4.48043029E-05  -1.40407255E-05  -3.05816613E-12  -4.00428172E-12
  -8.49062599E-06  -7.04086733E-06  -5.71678584E-06  0.182884544       3.11568451      0.943259358      -9.84867143E-07  -8.55071562E-07
   4.77624735E-06  -1.44261221E-05   4.48043029E-05   3.11568451      -2.10707951       4.19816446       3.72703170E-07   1.48368440E-06
  -2.17477609E-05  -7.58465785E-06  -1.40407255E-05  0.943259358       4.19816446      0.949645281      -3.46130946E-07  -4.57205203E-07
  -5.43189235E-12  -4.73562595E-13  -3.05816613E-12  -9.84867143E-07   3.72703170E-07  -3.46130946E-07   4.37272045E-13   2.88712874E-14
  -6.04011893E-12   2.23156563E-12  -4.00428172E-12  -8.55071562E-07   1.48368440E-06  -4.57205203E-07   2.88712874E-14   2.06954611E-13
 PAGE            5
   1.63404429E-10   1.27945654E-10  -2.18044430E-10  -4.99553717E-05   1.44272562E-05  -1.68204424E-05  -5.06355374E-12  -5.83030976E-12
   1.27945654E-10   2.12313625E-10  -2.17322813E-10  -4.38863644E-05   2.92988670E-06  -3.30461153E-05  -1.10095863E-12  -1.14773130E-11
  -2.18044430E-10  -2.17322813E-10   5.52395962E-10   1.13768467E-04  -9.38946177E-05   3.22525739E-06   1.25738447E-11   4.36338153E-11
  -4.99553717E-05  -4.38863644E-05   1.13768467E-04   22.1244068      -10.1088200       7.96990681       2.35461835E-06   3.53497785E-06
   1.44272562E-05   2.92988670E-06  -9.38946177E-05  -10.1088200       19.8694515       1.24654794      -1.45783883E-06  -5.41389636E-06
  -1.68204424E-05  -3.30461153E-05   3.22525739E-06   7.96990681       1.24654794       1.81154525       8.87386648E-07   5.68062546E-07
  -5.06355374E-12  -1.10095863E-12   1.25738447E-11   2.35461835E-06  -1.45783883E-06   8.87386648E-07  -2.50183798E-13  -4.63389330E-14
  -5.83030976E-12  -1.14773130E-11   4.36338153E-11   3.53497785E-06  -5.41389636E-06   5.68062546E-07  -4.63389330E-14   4.24546379E-12
 PAGE            6
  -3.51870449E-10  -5.09126630E-11   3.93476418E-10   9.82476122E-05  -5.36674816E-05  -6.56746943E-06   1.93082269E-12   3.59094386E-11
  -5.09126630E-11  -1.08937782E-10  -1.24487642E-10   3.75798190E-05  -3.97524218E-06  -1.24687767E-05   1.33427904E-11   9.27733758E-12
   3.93476418E-10  -1.24487642E-10  -2.79361712E-09  -2.16367407E-04   4.42759920E-04   1.55018533E-05   1.89219092E-11  -1.79877058E-10
   9.82476122E-05   3.75798190E-05  -2.16367407E-04  -46.7835121       27.1561928      -3.61516380      -3.48404114E-06  -1.23695972E-05
  -5.36674816E-05  -3.97524218E-06   4.42759920E-04   27.1561928      -66.0564041       4.24774361      -3.57548038E-06   2.33706178E-05
  -6.56746943E-06  -1.24687767E-05   1.55018533E-05  -3.61516380       4.24774361       6.12983418      -1.05019058E-06  -1.42651163E-06
   1.93082269E-12   1.33427904E-11   1.89219092E-11  -3.48404114E-06  -3.57548038E-06  -1.05019058E-06  -1.35344025E-12   1.34117554E-12
   3.59094386E-11   9.27733758E-12  -1.79877058E-10  -1.23695972E-05   2.33706178E-05  -1.42651163E-06   1.34117554E-12  -1.41192188E-11
 PAGE            7
   0.00000000       0.00000000       0.00000000       0.00000000       0.00000000       0.00000000       0.00000000       0.00000000    
   0.00000000       0.00000000       0.00000000       0.00000000       0.00000000       0.00000000       0.00000000       0.00000000    
   0.00000000       0.00000000       0.00000000       0.00000000       0.00000000       0.00000000       0.00000000       0.00000000    
   0.00000000       0.00000000       0.00000000       0.00000000       0.00000000       0.00000000       0.00000000       0.00000000    
   0.00000000       0.00000000       0.00000000       0.00000000       0.00000000       0.00000000       0.00000000       0.00000000    
   0.00000000       0.00000000       0.00000000       0.00000000       0.00000000       0.00000000       0.00000000       0.00000000    
   0.00000000       0.00000000       0.00000000       0.00000000       0.00000000       0.00000000       0.00000000       0.00000000    
   0.00000000       0.00000000       0.00000000       0.00000000       0.00000000       0.00000000       0.00000000       0.00000000    
 PAGE            8
   0.00000000       0.00000000       0.00000000       0.00000000       0.00000000       0.00000000       0.00000000       0.00000000    
   0.00000000       0.00000000       0.00000000       0.00000000       0.00000000       0.00000000       0.00000000       0.00000000    
   0.00000000       0.00000000       0.00000000       0.00000000       0.00000000       0.00000000       0.00000000       0.00000000    
   0.00000000       0.00000000       0.00000000       0.00000000       0.00000000       0.00000000       0.00000000       0.00000000    
   0.00000000       0.00000000       0.00000000       0.00000000       0.00000000       0.00000000       0.00000000       0.00000000    
   0.00000000       0.00000000       0.00000000       0.00000000       0.00000000       0.00000000       0.00000000       0.00000000    
   0.00000000       0.00000000       0.00000000       0.00000000       0.00000000       0.00000000       0.00000000       0.00000000    
   0.00000000       0.00000000       0.00000000       0.00000000       0.00000000       0.00000000       0.00000000       0.00000000    
 XB
   9.48562813       9.40921783       11.1769953      -1.05018098E-05  -1.17144882E-05   2.63993443E-05   0.00000000       0.00000000    
